-----------------------------------------------------------
----------------------- PROPERTIES ------------------------
-----------------------------------------------------------
-----------------------------------------------------------
----------------------- GEOMETRIES ------------------------
-----------------------------------------------------------
                    GEOMETRY:    1
        Number of atoms:    54
        Coordinates:
            W      0.000000000000    0.000000000000    0.000000000000
            O      1.902365500000    0.000000000000    0.000000000000
            W      3.611207782045    0.940543434382    0.000000000000
            O      5.173683598234    2.238346947847    0.448079640536
            H      4.893114120607    3.220732540757    0.205800225260
            O      2.689535839979    2.327597044043   -0.918294781669
            W      1.056741838386    3.320090964155   -1.204553046497
            O      0.070606198060    1.718017641872   -0.859312696946
            O      2.150039398635    5.078060938731   -1.002954402548
            H      3.131298748779    4.848141274462   -0.708391954606
            O     -0.527596674079    4.307736758399   -0.899147656461
            W     -1.062185704417    4.829837865785    0.865442976564
            O     -1.896194636278    3.101305283757    1.084381065233
            W     -2.215115210171    1.503376574673    2.044894017326
            O     -1.802508771470    0.495901432561    0.492090862258
            O     -1.842642356651    2.547145328632    3.619260719507
            W     -0.969881661605    4.037100094236    4.450664926079
            O     -1.058712847554    4.886211700946    2.768962220865
            O      0.387673379277    5.483100867278    5.077183940427
            H      0.625785676237    6.112304230406    4.271016673748
            O     -0.330618646180    2.913157888357    5.852730192564
            W      1.285149925159    1.915346189644    5.646793968511
            O      0.261016987164    0.536668892488    4.733492887062
            W      0.012738967383   -0.669612213422    3.312098971119
            O     -0.033294172772   -1.232989002571    1.467179396906
            O     -1.768320995806   -0.064096027211    3.121870803537
            O      1.942539968524   -0.638432491266    3.107938988179
            W      3.609625569604    0.238733795474    3.336045531493
            O      4.123041549383   -0.127095861269    1.509353610744
            O      2.791105563343    1.170395952301    4.765252331516
            O      5.146220248563    1.637260484100    3.432998580928
            H      4.903360464555    2.375711727664    4.138837717128
            O      4.665056941056   -1.245521886060    4.340759267832
            H      5.296307934717   -1.744003915259    3.665823826795
            O     -0.322524530245   -2.485881501488    4.268741151031
            H      0.134395359622   -3.258205090519    3.723543491397
            O      2.420237787736    3.591020799475    6.126471095541
            H      3.354872860702    3.528144534294    5.652125382313
            O      1.417881834991    0.956172292999    7.487654548812
            H      2.371050319108    0.528138412068    7.591369724466
            O     -2.663977361726    4.809787349223    5.377700073638
            H     -2.607780581033    4.634857786426    6.411499652811
            O     -4.292801688267    1.406454080098    2.059891643301
            H     -4.649061932997    1.379517740242    1.072545163275
            O      0.299018498620    6.402091667501    0.826186122067
            H      0.534326907520    6.685946606851    1.809322087286
            O     -2.786319487800    5.891106579414    0.388503342574
            H     -2.784102812521    6.120170480912   -0.636203842617
            O      0.932462822566    3.265901238225   -3.280129641044
            H      1.758313158048    2.745316140683   -3.666733287691
            O      4.501761240710   -0.084326994815   -1.575739553549
            H      4.838932176114    0.603073690896   -2.294276996972
            O     -0.363940377272   -1.269723283261   -1.606782557080
            H      0.405720419120   -1.168906931127   -2.313859866601
